    -0.837034    -0.239779     0.301171     0.309756     0.389073
    -0.835639    -0.239910     0.301138     0.309807     0.389055
    -0.834244    -0.240008     0.301105     0.309861     0.389034
    -0.832848    -0.240067     0.301073     0.309915     0.389012
    -0.831453    -0.240088     0.301041     0.309970     0.388989
    -0.830058    -0.240070     0.301009     0.310026     0.388964
    -0.828663    -0.240013     0.300978     0.310083     0.388939
    -0.827268    -0.239918     0.300947     0.310141     0.388912
    -0.825873    -0.239784     0.300916     0.310200     0.388884
    -0.824478    -0.239612     0.300886     0.310259     0.388855
    -0.823083    -0.239401     0.300856     0.310320     0.388824
    -0.821688    -0.239151     0.300826     0.310381     0.388793
    -0.820293    -0.238863     0.300797     0.310444     0.388760
    -0.818898    -0.238536     0.300767     0.310507     0.388726
    -0.817503    -0.238170     0.300739     0.310571     0.388691
    -0.816108    -0.237766     0.300710     0.310636     0.388654
    -0.814713    -0.237323     0.300682     0.310702     0.388616
    -0.813318    -0.236842     0.300654     0.310769     0.388577
    -0.811923    -0.236322     0.300627     0.310836     0.388537
    -0.810528    -0.235764     0.300599     0.310905     0.388496
    -0.809133    -0.235166     0.300572     0.310974     0.388453
    -0.807737    -0.234531     0.300546     0.311045     0.388409
    -0.806342    -0.233857     0.300520     0.311116     0.388364
    -0.804947    -0.233144     0.300494     0.311188     0.388318
    -0.803552    -0.232393     0.300468     0.311262     0.388270
    -0.802157    -0.231603     0.300443     0.311336     0.388222
    -0.800762    -0.230775     0.300418     0.311411     0.388172
    -0.799367    -0.229908     0.300393     0.311486     0.388120
    -0.797972    -0.229003     0.300369     0.311563     0.388068
    -0.796577    -0.228059     0.300345     0.311641     0.388014
    -0.795182    -0.227077     0.300321     0.311719     0.387960
    -0.793787    -0.226057     0.300298     0.311799     0.387904
    -0.792392    -0.224998     0.300274     0.311879     0.387846
    -0.790997    -0.223901     0.300252     0.311961     0.387788
    -0.789602    -0.222765     0.300229     0.312043     0.387728
    -0.788207    -0.221591     0.300207     0.312126     0.387667
    -0.786812    -0.220379     0.300185     0.312210     0.387605
    -0.785417    -0.219128     0.300163     0.312295     0.387542
    -0.784022    -0.217839     0.300142     0.312381     0.387477
    -0.782626    -0.216512     0.300121     0.312467     0.387412
    -0.781231    -0.215147     0.300100     0.312555     0.387345
    -0.779836    -0.213743     0.300080     0.312644     0.387277
    -0.778441    -0.212301     0.300060     0.312733     0.387207
    -0.777046    -0.210821     0.300040     0.312823     0.387137
    -0.775651    -0.209303     0.300020     0.312915     0.387065
    -0.774256    -0.207747     0.300001     0.313007     0.386993
    -0.772861    -0.206153     0.299982     0.313100     0.386919
    -0.771466    -0.204520     0.299963     0.313194     0.386843
    -0.770071    -0.202850     0.299944     0.313289     0.386767
    -0.768676    -0.201142     0.299926     0.313384     0.386690
    -0.767281    -0.199396     0.299908     0.313481     0.386611
    -0.765886    -0.197611     0.299890     0.313579     0.386532
    -0.764491    -0.195789     0.299872     0.313677     0.386451
    -0.763096    -0.193929     0.299855     0.313776     0.386369
    -0.761701    -0.192031     0.299838     0.313876     0.386286
    -0.760306    -0.190096     0.299821     0.313978     0.386201
    -0.758911    -0.188122     0.299804     0.314080     0.386116
    -0.757515    -0.186111     0.299788     0.314182     0.386030
    -0.756120    -0.184063     0.299772     0.314286     0.385942
    -0.754725    -0.181976     0.299756     0.314391     0.385854
    -0.753330    -0.179852     0.299740     0.314496     0.385764
    -0.751935    -0.177691     0.299724     0.314603     0.385673
    -0.750540    -0.175492     0.299709     0.314710     0.385581
    -0.749145    -0.173255     0.299693     0.314818     0.385489
    -0.747750    -0.170981     0.299678     0.314927     0.385395
    -0.746355    -0.168670     0.299663     0.315037     0.385300
    -0.744960    -0.166321     0.299649     0.315148     0.385204
    -0.743565    -0.163935     0.299634     0.315259     0.385107
    -0.742170    -0.161512     0.299620     0.315372     0.385009
    -0.740775    -0.159051     0.299605     0.315485     0.384910
    -0.739380    -0.156554     0.299591     0.315599     0.384810
    -0.737985    -0.154019     0.299577     0.315714     0.384708
    -0.736590    -0.151447     0.299563     0.315830     0.384606
    -0.735195    -0.148838     0.299549     0.315947     0.384503
    -0.733799    -0.146193     0.299536     0.316065     0.384399
    -0.732404    -0.143510     0.299522     0.316183     0.384295
    -0.731009    -0.140791     0.299509     0.316303     0.384189
    -0.729614    -0.138034     0.299495     0.316423     0.384082
    -0.728219    -0.135241     0.299482     0.316544     0.383974
    -0.726824    -0.132412     0.299468     0.316666     0.383865
    -0.725429    -0.129545     0.299455     0.316789     0.383756
    -0.724034    -0.126643     0.299442     0.316912     0.383645
    -0.722639    -0.123703     0.299429     0.317037     0.383534
    -0.721244    -0.120728     0.299416     0.317162     0.383422
    -0.719849    -0.117715     0.299403     0.317288     0.383309
    -0.718454    -0.114667     0.299390     0.317416     0.383195
    -0.717059    -0.111582     0.299377     0.317543     0.383080
    -0.715664    -0.108461     0.299363     0.317672     0.382965
    -0.714269    -0.105304     0.299350     0.317802     0.382848
    -0.712874    -0.102111     0.299337     0.317932     0.382731
    -0.711479    -0.098882     0.299324     0.318063     0.382613
    -0.710084    -0.095617     0.299311     0.318195     0.382494
    -0.708688    -0.092316     0.299297     0.318328     0.382374
    -0.707293    -0.088980     0.299284     0.318462     0.382254
    -0.705898    -0.085607     0.299271     0.318597     0.382133
    -0.704503    -0.082199     0.299257     0.318732     0.382011
    -0.703108    -0.078756     0.299243     0.318868     0.381888
    -0.701713    -0.075276     0.299230     0.319005     0.381765
    -0.700318    -0.071762     0.299216     0.319143     0.381641
    -0.698923    -0.068212     0.299202     0.319282     0.381516
    -0.697528    -0.064627     0.299187     0.319422     0.381391
    -0.696133    -0.061006     0.299173     0.319562     0.381265
    -0.694738    -0.057350     0.299158     0.319703     0.381138
    -0.693343    -0.053660     0.299144     0.319845     0.381011
    -0.691948    -0.049934     0.299129     0.319988     0.380883
    -0.690553    -0.046173     0.299113     0.320132     0.380754
    -0.689158    -0.042378     0.299098     0.320277     0.380625
    -0.687763    -0.038547     0.299082     0.320422     0.380495
    -0.686368    -0.034682     0.299066     0.320568     0.380365
    -0.684973    -0.030783     0.299050     0.320716     0.380234
    -0.683577    -0.026849     0.299034     0.320864     0.380103
    -0.682182    -0.022880     0.299017     0.321012     0.379971
    -0.680787    -0.018877     0.299000     0.321162     0.379838
    -0.679392    -0.014840     0.298982     0.321312     0.379705
    -0.677997    -0.010768     0.298965     0.321464     0.379572
    -0.676602    -0.006663     0.298947     0.321616     0.379438
    -0.675207    -0.002523     0.298928     0.321769     0.379303
    -0.673812     0.001651     0.298909     0.321923     0.379168
    -0.672417     0.005858     0.298890     0.322078     0.379033
    -0.671022     0.010100     0.298870     0.322233     0.378897
    -0.669627     0.014375     0.298850     0.322390     0.378761
    -0.668232     0.018684     0.298829     0.322547     0.378624
    -0.666837     0.023026     0.298808     0.322705     0.378487
    -0.665442     0.027402     0.298786     0.322864     0.378350
    -0.664047     0.031811     0.298764     0.323024     0.378212
    -0.662652     0.036253     0.298741     0.323184     0.378074
    -0.661257     0.040729     0.298718     0.323346     0.377936
    -0.659862     0.045237     0.298694     0.323508     0.377797
    -0.658466     0.049779     0.298670     0.323672     0.377658
    -0.657071     0.054354     0.298645     0.323836     0.377519
    -0.655676     0.058961     0.298619     0.324001     0.377380
    -0.654281     0.063601     0.298593     0.324167     0.377240
    -0.652886     0.068274     0.298566     0.324333     0.377100
    -0.651491     0.072980     0.298538     0.324501     0.376960
    -0.650096     0.077718     0.298510     0.324670     0.376820
    -0.648701     0.082488     0.298481     0.324839     0.376680
    -0.647306     0.087291     0.298451     0.325009     0.376539
    -0.645911     0.092125     0.298421     0.325181     0.376399
    -0.644516     0.096992     0.298389     0.325353     0.376258
    -0.643121     0.101891     0.298357     0.325526     0.376117
    -0.641726     0.106822     0.298324     0.325700     0.375976
    -0.640331     0.111785     0.298290     0.325874     0.375835
    -0.638936     0.116779     0.298255     0.326050     0.375694
    -0.637541     0.121805     0.298220     0.326227     0.375554
    -0.636146     0.126863     0.298183     0.326404     0.375413
    -0.634751     0.131952     0.298145     0.326583     0.375272
    -0.633355     0.137072     0.298107     0.326762     0.375131
    -0.631960     0.142223     0.298067     0.326942     0.374990
    -0.630565     0.147406     0.298027     0.327124     0.374850
    -0.629170     0.152620     0.297985     0.327306     0.374709
    -0.627775     0.157864     0.297942     0.327489     0.374569
    -0.626380     0.163140     0.297899     0.327673     0.374429
    -0.624985     0.168446     0.297854     0.327858     0.374289
    -0.623590     0.173783     0.297807     0.328044     0.374149
    -0.622195     0.179150     0.297760     0.328230     0.374010
    -0.620800     0.184548     0.297711     0.328418     0.373870
    -0.619405     0.189976     0.297662     0.328607     0.373732
    -0.618010     0.195434     0.297611     0.328796     0.373593
    -0.616615     0.200922     0.297558     0.328987     0.373455
    -0.615220     0.206440     0.297504     0.329179     0.373317
    -0.613825     0.211989     0.297449     0.329371     0.373180
    -0.612430     0.217566     0.297393     0.329564     0.373043
    -0.611035     0.223174     0.297334     0.329759     0.372907
    -0.609640     0.228811     0.297275     0.329954     0.372771
    -0.608244     0.234478     0.297214     0.330150     0.372636
    -0.606849     0.240173     0.297151     0.330348     0.372501
    -0.605454     0.245898     0.297087     0.330546     0.372367
    -0.604059     0.251652     0.297021     0.330745     0.372234
    -0.602664     0.257435     0.296954     0.330945     0.372101
    -0.601269     0.263247     0.296885     0.331146     0.371969
    -0.599874     0.269088     0.296814     0.331348     0.371838
    -0.598479     0.274957     0.296741     0.331551     0.371707
    -0.597084     0.280855     0.296667     0.331755     0.371578
    -0.595689     0.286781     0.296591     0.331960     0.371450
    -0.594294     0.292735     0.296512     0.332166     0.371322
    -0.592899     0.298717     0.296432     0.332373     0.371195
    -0.591504     0.304728     0.296350     0.332580     0.371070
    -0.590109     0.310766     0.296266     0.332789     0.370945
    -0.588714     0.316832     0.296180     0.332998     0.370822
    -0.587319     0.322925     0.296091     0.333209     0.370700
    -0.585924     0.329046     0.296001     0.333420     0.370579
    -0.584528     0.335194     0.295908     0.333633     0.370460
    -0.583133     0.341370     0.295813     0.333846     0.370342
    -0.581738     0.347572     0.295715     0.334060     0.370225
    -0.580343     0.353801     0.295616     0.334275     0.370110
    -0.578948     0.360057     0.295514     0.334491     0.369996
    -0.577553     0.366340     0.295409     0.334707     0.369884
    -0.576158     0.372649     0.295302     0.334925     0.369773
    -0.574763     0.378984     0.295192     0.335143     0.369665
    -0.573368     0.385346     0.295080     0.335363     0.369558
    -0.571973     0.391733     0.294964     0.335583     0.369453
    -0.570578     0.398146     0.294846     0.335804     0.369350
    -0.569183     0.404585     0.294726     0.336025     0.369249
    -0.567788     0.411050     0.294602     0.336248     0.369150
    -0.566393     0.417539     0.294475     0.336471     0.369053
    -0.564998     0.424054     0.294346     0.336695     0.368959
    -0.563603     0.430594     0.294213     0.336920     0.368867
    -0.562208     0.437159     0.294077     0.337145     0.368778
    -0.560813     0.443748     0.293938     0.337371     0.368691
    -0.559417     0.450361     0.293796     0.337598     0.368607
    -0.558022     0.456999     0.293650     0.337825     0.368525
    -0.556627     0.463661     0.293500     0.338053     0.368446
    -0.555232     0.470347     0.293347     0.338282     0.368371
    -0.553837     0.477057     0.293191     0.338511     0.368298
    -0.552442     0.483790     0.293031     0.338740     0.368229
    -0.551047     0.490546     0.292866     0.338971     0.368163
    -0.549652     0.497326     0.292698     0.339201     0.368100
    -0.548257     0.504128     0.292526     0.339432     0.368041
    -0.546862     0.510953     0.292350     0.339663     0.367986
    -0.545467     0.517800     0.292170     0.339895     0.367935
    -0.544072     0.524670     0.291986     0.340127     0.367887
    -0.542677     0.531561     0.291797     0.340359     0.367844
    -0.541282     0.538474     0.291603     0.340592     0.367805
    -0.539887     0.545409     0.291405     0.340824     0.367771
    -0.538492     0.552365     0.291203     0.341057     0.367741
    -0.537097     0.559342     0.290995     0.341289     0.367716
    -0.535702     0.566339     0.290783     0.341522     0.367695
    -0.534306     0.573357     0.290565     0.341755     0.367680
    -0.532911     0.580395     0.290342     0.341987     0.367671
    -0.531516     0.587453     0.290114     0.342219     0.367666
    -0.530121     0.594531     0.289881     0.342451     0.367668
    -0.528726     0.601628     0.289642     0.342683     0.367675
    -0.527331     0.608745     0.289397     0.342914     0.367689
    -0.525936     0.615879     0.289146     0.343145     0.367708
    -0.524541     0.623033     0.288890     0.343375     0.367735
    -0.523146     0.630204     0.288627     0.343605     0.367768
    -0.521751     0.637393     0.288358     0.343834     0.367809
    -0.520356     0.644600     0.288082     0.344062     0.367856
    -0.518961     0.651824     0.287800     0.344289     0.367911
    -0.517566     0.659065     0.287511     0.344515     0.367975
    -0.516171     0.666321     0.287214     0.344740     0.368046
    -0.514776     0.673595     0.286911     0.344963     0.368125
    -0.513381     0.680883     0.286601     0.345186     0.368214
    -0.511986     0.688187     0.286282     0.345406     0.368311
    -0.510591     0.695506     0.285956     0.345625     0.368418
    -0.509195     0.702839     0.285623     0.345843     0.368535
    -0.507800     0.710187     0.285281     0.346058     0.368662
    -0.506405     0.717547     0.284930     0.346271     0.368799
    -0.505010     0.724922     0.284571     0.346482     0.368947
    -0.503615     0.732308     0.284203     0.346691     0.369106
    -0.502220     0.739707     0.283826     0.346897     0.369276
    -0.500825     0.747118     0.283440     0.347101     0.369459
    -0.499430     0.754540     0.283044     0.347301     0.369654
    -0.498035     0.761973     0.282639     0.347499     0.369862
    -0.496640     0.769416     0.282223     0.347693     0.370084
    -0.495245     0.776869     0.281797     0.347884     0.370319
    -0.493850     0.784330     0.281360     0.348071     0.370569
    -0.492455     0.791801     0.280913     0.348254     0.370834
    -0.491060     0.799279     0.280454     0.348433     0.371114
    -0.489665     0.806765     0.279983     0.348607     0.371409
    -0.488270     0.814257     0.279501     0.348777     0.371722
    -0.486875     0.821756     0.279007     0.348942     0.372052
    -0.485480     0.829260     0.278500     0.349101     0.372399
    -0.484084     0.836769     0.277980     0.349255     0.372765
    -0.482689     0.844281     0.277447     0.349403     0.373149
    -0.481294     0.851798     0.276901     0.349545     0.373554
    -0.479899     0.859316     0.276341     0.349680     0.373979
    -0.478504     0.866837     0.275766     0.349809     0.374425
    -0.477109     0.874358     0.275177     0.349930     0.374893
    -0.475714     0.881880     0.274573     0.350043     0.375384
    -0.474319     0.889401     0.273953     0.350149     0.375898
    -0.472924     0.896920     0.273318     0.350246     0.376436
    -0.471529     0.904437     0.272666     0.350334     0.377000
    -0.470134     0.911951     0.271998     0.350413     0.377590
    -0.468739     0.919460     0.271312     0.350482     0.378206
    -0.467344     0.926964     0.270609     0.350540     0.378851
    -0.465949     0.934462     0.269888     0.350588     0.379524
    -0.464554     0.941952     0.269149     0.350624     0.380227
    -0.463159     0.949433     0.268390     0.350648     0.380961
    -0.461764     0.956906     0.267612     0.350660     0.381727
    -0.460369     0.964367     0.266815     0.350659     0.382526
    -0.458973     0.971816     0.265997     0.350644     0.383359
    -0.457578     0.979252     0.265159     0.350614     0.384227
    -0.456183     0.986674     0.264299     0.350569     0.385132
    -0.454788     0.994080     0.263418     0.350509     0.386074
    -0.453393     1.001468     0.262514     0.350432     0.387054
    -0.451998     1.008838     0.261588     0.350337     0.388074
    -0.450603     1.016189     0.260639     0.350225     0.389136
    -0.449208     1.023517     0.259667     0.350094     0.390239
    -0.447813     1.030823     0.258671     0.349943     0.391386
    -0.446418     1.038104     0.257651     0.349771     0.392578
    -0.445023     1.045358     0.256606     0.349578     0.393816
    -0.443628     1.052585     0.255536     0.349362     0.395102
    -0.442233     1.059783     0.254441     0.349124     0.396435
    -0.440838     1.066949     0.253320     0.348861     0.397819
    -0.439443     1.074081     0.252174     0.348573     0.399254
    -0.438048     1.081179     0.251001     0.348258     0.400740
    -0.436653     1.088240     0.249803     0.347917     0.402280
    -0.435257     1.095262     0.248578     0.347547     0.403875
    -0.433862     1.102242     0.247326     0.347148     0.405525
    -0.432467     1.109180     0.246049     0.346719     0.407232
    -0.431072     1.116073     0.244745     0.346259     0.408997
    -0.429677     1.122919     0.243414     0.345766     0.410819
    -0.428282     1.129716     0.242058     0.345240     0.412702
    -0.426887     1.136461     0.240676     0.344680     0.414644
    -0.425492     1.143152     0.239269     0.344084     0.416646
    -0.424097     1.149787     0.237837     0.343452     0.418710
    -0.422702     1.156363     0.236381     0.342783     0.420835
    -0.421307     1.162879     0.234902     0.342076     0.423022
    -0.419912     1.169332     0.233399     0.341330     0.425270
    -0.418517     1.175720     0.231875     0.340545     0.427580
    -0.417122     1.182039     0.230330     0.339719     0.429951
    -0.415727     1.188289     0.228766     0.338851     0.432382
    -0.414332     1.194466     0.227184     0.337943     0.434874
    -0.412937     1.200568     0.225585     0.336992     0.437424
    -0.411542     1.206592     0.223970     0.335998     0.440031
    -0.410146     1.212537     0.222343     0.334962     0.442695
    -0.408751     1.218401     0.220704     0.333883     0.445413
    -0.407356     1.224180     0.219055     0.332761     0.448184
    -0.405961     1.229872     0.217399     0.331597     0.451004
    -0.404566     1.235476     0.215738     0.330389     0.453873
    -0.403171     1.240990     0.214074     0.329140     0.456786
    -0.401776     1.246411     0.212409     0.327849     0.459742
    -0.400381     1.251737     0.210747     0.326517     0.462736
    -0.398986     1.256968     0.209089     0.325146     0.465765
    -0.397591     1.262100     0.207439     0.323735     0.468826
    -0.396196     1.267132     0.205800     0.322287     0.471914
    -0.394801     1.272064     0.204173     0.320802     0.475025
    -0.393406     1.276893     0.202562     0.319283     0.478156
    -0.392011     1.281618     0.200969     0.317730     0.481301
    -0.390616     1.286238     0.199398     0.316146     0.484456
    -0.389221     1.290753     0.197851     0.314533     0.487617
    -0.387826     1.295161     0.196330     0.312892     0.490778
    -0.386431     1.299463     0.194839     0.311226     0.493935
    -0.385035     1.303656     0.193379     0.309537     0.497084
    -0.383640     1.307742     0.191954     0.307827     0.500219
    -0.382245     1.311720     0.190565     0.306099     0.503336
    -0.380850     1.315590     0.189215     0.304355     0.506430
    -0.379455     1.319351     0.187905     0.302598     0.509498
    -0.378060     1.323006     0.186637     0.300830     0.512534
    -0.376665     1.326553     0.185413     0.299053     0.515534
    -0.375270     1.329994     0.184234     0.297271     0.518495
    -0.373875     1.333329     0.183101     0.295485     0.521414
    -0.372480     1.336560     0.182016     0.293698     0.524286
    -0.371085     1.339686     0.180980     0.291912     0.527109
    -0.369690     1.342710     0.179992     0.290129     0.529879
    -0.368295     1.345633     0.179054     0.288352     0.532594
    -0.366900     1.348455     0.178165     0.286583     0.535252
    -0.365505     1.351179     0.177326     0.284823     0.537851
    -0.364110     1.353806     0.176537     0.283074     0.540389
    -0.362715     1.356337     0.175797     0.281339     0.542863
    -0.361320     1.358775     0.175107     0.279619     0.545274
    -0.359924     1.361121     0.174465     0.277914     0.547620
    -0.358529     1.363376     0.173872     0.276228     0.549901
    -0.357134     1.365543     0.173325     0.274560     0.552115
    -0.355739     1.367624     0.172826     0.272912     0.554263
    -0.354344     1.369620     0.172371     0.271285     0.556344
    -0.352949     1.371533     0.171961     0.269680     0.558359
    -0.351554     1.373366     0.171595     0.268097     0.560308
    -0.350159     1.375120     0.171271     0.266538     0.562191
    -0.348764     1.376797     0.170988     0.265003     0.564009
    -0.347369     1.378399     0.170745     0.263492     0.565763
    -0.345974     1.379928     0.170540     0.262006     0.567454
    -0.344579     1.381386     0.170373     0.260545     0.569082
    -0.343184     1.382776     0.170242     0.259109     0.570650
    -0.341789     1.384098     0.170145     0.257698     0.572157
    -0.340394     1.385355     0.170082     0.256313     0.573605
    -0.338999     1.386548     0.170051     0.254953     0.574996
    -0.337604     1.387679     0.170051     0.253618     0.576331
    -0.336209     1.388751     0.170081     0.252309     0.577611
    -0.334813     1.389765     0.170139     0.251024     0.578837
    -0.333418     1.390722     0.170224     0.249764     0.580012
    -0.332023     1.391625     0.170335     0.248529     0.581136
    -0.330628     1.392474     0.170470     0.247319     0.582211
    -0.329233     1.393272     0.170630     0.246132     0.583238
    -0.327838     1.394020     0.170812     0.244969     0.584219
    -0.326443     1.394720     0.171015     0.243829     0.585156
    -0.325048     1.395373     0.171239     0.242712     0.586049
    -0.323653     1.395980     0.171482     0.241618     0.586900
    -0.322258     1.396543     0.171744     0.240545     0.587711
    -0.320863     1.397064     0.172023     0.239495     0.588482
    -0.319468     1.397543     0.172319     0.238465     0.589216
    -0.318073     1.397982     0.172630     0.237457     0.589913
    -0.316678     1.398383     0.172957     0.236469     0.590574
    -0.315283     1.398746     0.173297     0.235501     0.591202
    -0.313888     1.399072     0.173651     0.234552     0.591797
    -0.312493     1.399363     0.174018     0.233623     0.592360
    -0.311098     1.399620     0.174396     0.232712     0.592892
    -0.309702     1.399844     0.174786     0.231819     0.593395
    -0.308307     1.400036     0.175186     0.230945     0.593869
    -0.306912     1.400197     0.175597     0.230087     0.594316
    -0.305517     1.400328     0.176016     0.229247     0.594737
    -0.304122     1.400430     0.176445     0.228423     0.595132
    -0.302727     1.400504     0.176882     0.227615     0.595503
    -0.301332     1.400550     0.177327     0.226823     0.595850
    -0.299937     1.400570     0.177779     0.226047     0.596174
    -0.298542     1.400565     0.178238     0.225285     0.596477
    -0.297147     1.400535     0.178703     0.224538     0.596758
    -0.295752     1.400481     0.179175     0.223806     0.597020
    -0.294357     1.400404     0.179652     0.223087     0.597261
    -0.292962     1.400304     0.180134     0.222382     0.597484
    -0.291567     1.400183     0.180621     0.221690     0.597689
    -0.290172     1.400040     0.181113     0.221010     0.597877
    -0.288777     1.399878     0.181609     0.220344     0.598047
    -0.287382     1.399695     0.182109     0.219689     0.598202
    -0.285986     1.399494     0.182612     0.219047     0.598341
    -0.284591     1.399274     0.183119     0.218416     0.598465
    -0.283196     1.399036     0.183629     0.217797     0.598575
    -0.281801     1.398781     0.184141     0.217188     0.598671
    -0.280406     1.398510     0.184657     0.216590     0.598753
    -0.279011     1.398222     0.185174     0.216003     0.598823
    -0.277616     1.397919     0.185694     0.215426     0.598880
    -0.276221     1.397600     0.186216     0.214859     0.598925
    -0.274826     1.397267     0.186739     0.214302     0.598959
    -0.273431     1.396920     0.187264     0.213754     0.598982
    -0.272036     1.396559     0.187790     0.213216     0.598994
    -0.270641     1.396185     0.188318     0.212686     0.598996
    -0.269246     1.395798     0.188846     0.212165     0.598988
    -0.267851     1.395399     0.189376     0.211653     0.598971
    -0.266456     1.394988     0.189906     0.211150     0.598944
    -0.265061     1.394566     0.190437     0.210654     0.598909
    -0.263666     1.394132     0.190968     0.210167     0.598865
    -0.262271     1.393688     0.191500     0.209687     0.598813
    -0.260875     1.393233     0.192031     0.209215     0.598753
    -0.259480     1.392769     0.192563     0.208751     0.598686
    -0.258085     1.392295     0.193095     0.208293     0.598611
    -0.256690     1.391811     0.193627     0.207843     0.598530
    -0.255295     1.391319     0.194159     0.207400     0.598441
    -0.253900     1.390818     0.194690     0.206964     0.598346
    -0.252505     1.390309     0.195221     0.206534     0.598245
    -0.251110     1.389792     0.195752     0.206110     0.598138
    -0.249715     1.389268     0.196282     0.205693     0.598024
    -0.248320     1.388736     0.196812     0.205282     0.597906
    -0.246925     1.388197     0.197341     0.204878     0.597782
    -0.245530     1.387651     0.197869     0.204479     0.597652
    -0.244135     1.387099     0.198396     0.204085     0.597518
    -0.242740     1.386541     0.198923     0.203698     0.597379
    -0.241345     1.385976     0.199449     0.203316     0.597235
    -0.239950     1.385406     0.199973     0.202939     0.597087
    -0.238555     1.384831     0.200497     0.202568     0.596935
    -0.237160     1.384250     0.201020     0.202202     0.596778
    -0.235764     1.383665     0.201541     0.201841     0.596618
    -0.234369     1.383075     0.202062     0.201485     0.596453
    -0.232974     1.382480     0.202581     0.201134     0.596285
    -0.231579     1.381881     0.203099     0.200787     0.596114
    -0.230184     1.381278     0.203616     0.200445     0.595939
    -0.228789     1.380672     0.204132     0.200108     0.595761
    -0.227394     1.380061     0.204646     0.199775     0.595579
    -0.225999     1.379448     0.205159     0.199447     0.595395
    -0.224604     1.378831     0.205670     0.199122     0.595208
    -0.223209     1.378211     0.206180     0.198802     0.595018
    -0.221814     1.377588     0.206689     0.198486     0.594825
    -0.220419     1.376963     0.207196     0.198175     0.594630
    -0.219024     1.376336     0.207702     0.197867     0.594432
    -0.217629     1.375706     0.208206     0.197562     0.594232
    -0.216234     1.375074     0.208708     0.197262     0.594029
    -0.214839     1.374441     0.209210     0.196966     0.593825
    -0.213444     1.373806     0.209709     0.196673     0.593618
    -0.212049     1.373169     0.210207     0.196383     0.593410
    -0.210653     1.372531     0.210704     0.196097     0.593199
    -0.209258     1.371892     0.211198     0.195815     0.592987
    -0.207863     1.371251     0.211692     0.195535     0.592773
    -0.206468     1.370610     0.212183     0.195260     0.592557
    -0.205073     1.369969     0.212673     0.194987     0.592340
    -0.203678     1.369326     0.213161     0.194718     0.592121
    -0.202283     1.368684     0.213648     0.194451     0.591901
    -0.200888     1.368041     0.214133     0.194188     0.591679
    -0.199493     1.367398     0.214616     0.193928     0.591456
    -0.198098     1.366755     0.215098     0.193670     0.591232
    -0.196703     1.366113     0.215577     0.193416     0.591007
    -0.195308     1.365470     0.216056     0.193164     0.590780
    -0.193913     1.364829     0.216532     0.192915     0.590553
    -0.192518     1.364188     0.217007     0.192669     0.590324
    -0.191123     1.363547     0.217480     0.192426     0.590095
    -0.189728     1.362908     0.217951     0.192185     0.589864
    -0.188333     1.362269     0.218420     0.191946     0.589633
    -0.186938     1.361632     0.218888     0.191711     0.589401
    -0.185542     1.360996     0.219354     0.191477     0.589168
    -0.184147     1.360361     0.219819     0.191247     0.588935
    -0.182752     1.359728     0.220281     0.191018     0.588701
    -0.181357     1.359097     0.220742     0.190792     0.588466
    -0.179962     1.358467     0.221201     0.190569     0.588231
    -0.178567     1.357839     0.221658     0.190347     0.587995
    -0.177172     1.357214     0.222114     0.190128     0.587758
    -0.175777     1.356590     0.222567     0.189911     0.587521
    -0.174382     1.355969     0.223019     0.189696     0.587284
    -0.172987     1.355349     0.223470     0.189484     0.587047
    -0.171592     1.354733     0.223918     0.189273     0.586809
    -0.170197     1.354119     0.224365     0.189065     0.586571
    -0.168802     1.353507     0.224810     0.188858     0.586332
    -0.167407     1.352898     0.225253     0.188654     0.586093
    -0.166012     1.352292     0.225694     0.188451     0.585855
    -0.164617     1.351690     0.226134     0.188251     0.585615
    -0.163222     1.351090     0.226572     0.188052     0.585376
    -0.161827     1.350493     0.227008     0.187855     0.585137
    -0.160431     1.349900     0.227442     0.187660     0.584897
    -0.159036     1.349310     0.227875     0.187467     0.584658
    -0.157641     1.348723     0.228306     0.187276     0.584419
    -0.156246     1.348140     0.228735     0.187086     0.584179
    -0.154851     1.347560     0.229162     0.186898     0.583940
    -0.153456     1.346985     0.229588     0.186712     0.583700
    -0.152061     1.346413     0.230012     0.186527     0.583461
    -0.150666     1.345845     0.230434     0.186345     0.583222
    -0.149271     1.345281     0.230854     0.186163     0.582982
    -0.147876     1.344721     0.231273     0.185984     0.582743
    -0.146481     1.344165     0.231690     0.185806     0.582505
    -0.145086     1.343614     0.232105     0.185629     0.582266
    -0.143691     1.343067     0.232518     0.185454     0.582028
    -0.142296     1.342524     0.232930     0.185281     0.581789
    -0.140901     1.341986     0.233340     0.185109     0.581551
    -0.139506     1.341452     0.233748     0.184938     0.581314
    -0.138111     1.340924     0.234154     0.184769     0.581076
    -0.136715     1.340399     0.234559     0.184602     0.580839
    -0.135320     1.339880     0.234962     0.184436     0.580602
    -0.133925     1.339366     0.235363     0.184271     0.580366
    -0.132530     1.338856     0.235763     0.184108     0.580130
    -0.131135     1.338352     0.236161     0.183945     0.579894
    -0.129740     1.337852     0.236557     0.183785     0.579659
    -0.128345     1.337358     0.236951     0.183625     0.579424
    -0.126950     1.336869     0.237344     0.183467     0.579189
    -0.125555     1.336386     0.237735     0.183311     0.578955
    -0.124160     1.335908     0.238124     0.183155     0.578721
    -0.122765     1.335435     0.238511     0.183001     0.578488
    -0.121370     1.334968     0.238897     0.182848     0.578255
    -0.119975     1.334507     0.239281     0.182696     0.578022
    -0.118580     1.334051     0.239664     0.182546     0.577790
    -0.117185     1.333601     0.240044     0.182397     0.577559
    -0.115790     1.333156     0.240423     0.182248     0.577328
    -0.114395     1.332718     0.240801     0.182102     0.577098
    -0.113000     1.332286     0.241176     0.181956     0.576868
    -0.111604     1.331859     0.241550     0.181811     0.576638
    -0.110209     1.331439     0.241923     0.181668     0.576410
    -0.108814     1.331025     0.242293     0.181525     0.576181
    -0.107419     1.330616     0.242662     0.181384     0.575954
    -0.106024     1.330215     0.243029     0.181244     0.575726
    -0.104629     1.329819     0.243395     0.181105     0.575500
    -0.103234     1.329430     0.243759     0.180967     0.575274
    -0.101839     1.329047     0.244121     0.180830     0.575049
    -0.100444     1.328671     0.244481     0.180695     0.574824
    -0.099049     1.328301     0.244840     0.180560     0.574600
    -0.097654     1.327938     0.245198     0.180426     0.574376
    -0.096259     1.327581     0.245553     0.180294     0.574153
    -0.094864     1.327231     0.245907     0.180162     0.573931
    -0.093469     1.326888     0.246259     0.180032     0.573709
    -0.092074     1.326552     0.246610     0.179902     0.573488
    -0.090679     1.326222     0.246959     0.179774     0.573268
    -0.089284     1.325899     0.247306     0.179646     0.573048
    -0.087889     1.325583     0.247652     0.179520     0.572829
    -0.086493     1.325275     0.247996     0.179394     0.572610
    -0.085098     1.324973     0.248338     0.179270     0.572392
    -0.083703     1.324678     0.248679     0.179146     0.572175
    -0.082308     1.324390     0.249018     0.179024     0.571959
    -0.080913     1.324110     0.249355     0.178902     0.571743
    -0.079518     1.323837     0.249691     0.178781     0.571528
    -0.078123     1.323571     0.250025     0.178661     0.571314
    -0.076728     1.323312     0.250357     0.178543     0.571100
    -0.075333     1.323061     0.250688     0.178425     0.570887
    -0.073938     1.322817     0.251018     0.178308     0.570675
    -0.072543     1.322580     0.251345     0.178192     0.570463
    -0.071148     1.322351     0.251671     0.178077     0.570252
    -0.069753     1.322129     0.251996     0.177962     0.570042
    -0.068358     1.321915     0.252319     0.177849     0.569832
    -0.066963     1.321708     0.252640     0.177737     0.569623
    -0.065568     1.321509     0.252960     0.177625     0.569415
    -0.064173     1.321318     0.253278     0.177515     0.569208
    -0.062778     1.321134     0.253594     0.177405     0.569001
    -0.061382     1.320958     0.253909     0.177296     0.568795
    -0.059987     1.320790     0.254222     0.177188     0.568590
    -0.058592     1.320630     0.254534     0.177081     0.568386
    -0.057197     1.320477     0.254844     0.176974     0.568182
    -0.055802     1.320332     0.255152     0.176869     0.567979
    -0.054407     1.320195     0.255459     0.176765     0.567776
    -0.053012     1.320066     0.255764     0.176661     0.567575
    -0.051617     1.319945     0.256068     0.176558     0.567374
    -0.050222     1.319832     0.256370     0.176456     0.567174
    -0.048827     1.319726     0.256671     0.176355     0.566974
    -0.047432     1.319629     0.256970     0.176254     0.566776
    -0.046037     1.319540     0.257268     0.176155     0.566578
    -0.044642     1.319459     0.257564     0.176056     0.566380
    -0.043247     1.319386     0.257858     0.175958     0.566184
    -0.041852     1.319321     0.258151     0.175861     0.565988
    -0.040457     1.319264     0.258442     0.175765     0.565793
    -0.039062     1.319216     0.258732     0.175669     0.565599
    -0.037667     1.319175     0.259020     0.175575     0.565405
    -0.036271     1.319143     0.259307     0.175481     0.565212
    -0.034876     1.319119     0.259592     0.175388     0.565020
    -0.033481     1.319103     0.259876     0.175295     0.564829
    -0.032086     1.319096     0.260158     0.175204     0.564638
    -0.030691     1.319096     0.260439     0.175113     0.564448
    -0.029296     1.319106     0.260718     0.175023     0.564259
    -0.027901     1.319123     0.260995     0.174934     0.564071
    -0.026506     1.319149     0.261272     0.174845     0.563883
    -0.025111     1.319183     0.261546     0.174758     0.563696
    -0.023716     1.319225     0.261819     0.174671     0.563510
    -0.022321     1.319276     0.262091     0.174585     0.563324
    -0.020926     1.319336     0.262361     0.174499     0.563139
    -0.019531     1.319403     0.262630     0.174415     0.562955
    -0.018136     1.319479     0.262897     0.174331     0.562772
    -0.016741     1.319564     0.263163     0.174247     0.562589
    -0.015346     1.319657     0.263427     0.174165     0.562408
    -0.013951     1.319759     0.263690     0.174083     0.562226
    -0.012556     1.319869     0.263952     0.174002     0.562046
    -0.011160     1.319987     0.264212     0.173922     0.561866
    -0.009765     1.320114     0.264470     0.173842     0.561687
    -0.008370     1.320250     0.264728     0.173763     0.561509
    -0.006975     1.320394     0.264983     0.173685     0.561331
    -0.005580     1.320546     0.265238     0.173608     0.561155
    -0.004185     1.320707     0.265491     0.173531     0.560978
    -0.002790     1.320877     0.265742     0.173455     0.560803
    -0.001395     1.321055     0.265992     0.173379     0.560628
     0.000000     1.321240     0.266240     0.173305     0.560455
     0.001611     1.321032     0.265954     0.173392     0.560654
     0.003222     1.320831     0.265665     0.173478     0.560856
     0.004833     1.320641     0.265374     0.173566     0.561059
     0.006443     1.320463     0.265082     0.173655     0.561263
     0.008054     1.320295     0.264788     0.173744     0.561468
